COSMIC_ID,Drug_response,Gene_variance
683667,-0.2961822076271186,119
684052,-0.48701251071428575,105
684057,-0.5198681254901961,159
684059,-0.6970363928571428,180
684062,-0.1778671607142857,250
684072,-0.7133558422939068,140
687448,1.092412845323741,199
687452,0.0010074028776978414,451
687455,0.004019964157706092,165
687457,0.45580586021505376,169
687459,0.6801950931899642,337
687505,-0.4278029464285714,1790
687506,-0.09711458633093525,234
687514,0.05748925806451613,188
687561,-0.27117716487455196,176
687562,-0.42032340287769787,180
687563,-0.06974017562724015,253
687568,0.648760817204301,433
687586,0.10497733928571429,200
687588,0.577084422939068,155
687590,0.33278349003984065,169
687592,0.22989546927374302,379
687596,0.23097258333333334,555
687600,0.1917956741573034,357
687777,0.654125725,199
687780,0.2720983476702509,235
687787,0.09482505017921147,383
687794,-0.3182138,231
687798,0.09666863082437276,607
687799,-0.24944439053254436,518
687800,1.151769770609319,106
687802,1.18043353046595,280
687804,-0.12551081666666666,876
687807,1.3034859112426036,516
687812,0.4686452071428572,274
687815,-0.2374210760869565,254
687816,0.6299195519713262,209
687819,0.7124704260355029,1808
687820,1.4867903905325444,795
687821,1.8356692365591396,134
687829,0.5577480250896056,572
687980,-0.3673210394265233,179
687983,0.13102362857142857,244
687985,-0.3545185483870968,346
687995,-0.18019343369175628,596
687997,0.7731062759856631,367
688006,0.07349232156862744,207
688010,-0.42826110588235294,348
688011,0.34450124615384614,256
688013,-0.5573294584837545,140
688014,0.7172377634408602,484
688015,-0.8837229382022472,204
688018,0.4056741501976284,382
688021,1.2491252895752896,732
688023,-0.4870926870503597,669
688025,-0.46680492028985504,368
688026,0.17724172941176472,509
688027,-0.16577269047619048,282
688031,-0.6353701142857142,219
688058,0.643788899641577,43
688086,-0.44989039568345324,231
688087,0.17202657647058822,201
688121,0.536280311827957,112
713869,0.7572853285714286,652
713878,0.03978059825327511,448
713880,-0.3849489534050179,403
713885,-0.06861668715083799,516
713899,-0.10081742238267148,426
717431,-0.10857404117647057,143
722045,0.07427996666666667,275
722046,-0.8404230430107527,115
722058,-0.35336212290502794,531
722066,0.3233531827956989,1818
724812,0.6457329388888888,175
724825,-1.006326559566787,215
724828,0.2883426928571428,183
724831,0.289470225,313
724834,0.8273403321428572,436
724838,0.41998818823529416,276
724839,1.3376232688172043,708
724855,0.8270163571428572,549
724859,0.36593648028673836,177
724863,0.08056773835125448,329
724866,0.8114101392857143,358
724868,-0.36085015000000004,235
724869,0.7071335551020409,173
724870,0.08737116785714286,256
724872,-0.2747625304659498,486
724873,0.1324827573964497,756
724874,1.1363834555555556,538
724878,1.319441654676259,264
735784,0.47239090357142854,406
749709,-0.09614846643109541,126
749710,0.47968255673758864,129
749711,0.06546056028368795,95
749712,-0.04316284090909091,272
749713,0.1800316935483871,133
749714,0.7068162402826855,109
749715,-0.5319921203007519,166
749716,0.023119056179775284,222
749717,0.5794534964788732,115
753531,-0.7645062,78
753532,-0.3314346902654867,133
753533,0.14195065363128492,64
753534,0.16814590555555556,395
753535,0.47294880000000006,353
753538,-0.14385902142857143,438
753539,-0.27541457706093186,295
753540,-0.030765316666666667,587
753541,-0.24146894623655915,259
753545,-0.36322893888888885,137
753546,0.7050580078431373,748
753547,-0.37079415412186384,331
753548,-1.1003487769784173,3460
753549,0.33093937222222225,71
753551,0.22459720392156862,421
753552,-0.4037252892857143,316
753554,0.005101103942652333,413
753555,-0.39269655913978496,302
753556,-0.2623180250896057,372
753558,0.4151940117647059,88
753559,-0.14922008888888888,381
753561,-0.5737041352941177,333
753562,-0.4633954748201438,366
753563,-1.1347414142857144,158
753564,-0.6926454860335195,317
753565,-0.10751845724907062,358
753566,0.865482064516129,144
753569,0.20407112142857142,551
753570,-0.4655239555555556,296
753572,-0.17089495357142856,287
753573,-0.28910048920863307,628
753574,0.8816869534050179,624
753575,0.8610736917562724,404
753576,1.0297102785714285,501
753577,0.27992428333333336,68
753578,0.05854554189944134,45
753579,0.31269806145251394,272
753581,0.47406963888888887,72
753582,-0.16070751666666666,254
753583,0.47155626523297495,122
753584,0.2759917392857143,138
753585,-0.05502090681003584,90
753586,0.2670159678571429,345
753588,-0.45237216111111117,386
753589,1.4080066607142858,467
753592,-0.17207871326164872,464
753594,-0.32976462007168456,326
753595,1.3626153535911603,167
753596,-0.1811105388888889,1944
753600,0.4001900250896057,548
753604,-0.7983414444444444,184
753605,-0.2019455388888889,996
753607,-0.03379398787878788,650
753608,0.1302412915254237,336
753610,-0.4798805627240143,319
753612,0.2351197321428571,220
753614,-0.16894392576419212,327
753615,0.20877221785714287,312
753616,-0.012707724014336914,332
753618,-0.7655558464285714,197
753620,-0.2807482333333334,168
753621,0.3957594874551972,371
753622,-0.2021690054347826,320
753623,0.16109950936329587,306
753624,0.42378657857142854,213
905933,0.2274991075268817,182
905934,0.8626778207885305,121
905935,0.8740477025089606,2541
905936,-0.373211793594306,2119
905937,-0.31437047872340423,5519
905938,-0.7263029749103943,113
905939,-0.022863908474576273,322
905940,-0.12544999285714287,333
905941,1.8013273892857142,118
905942,-0.07297799641577062,850
905943,-0.6509704494382023,295
905944,0.2572983405017921,199
905945,0.04400708480565371,160
905946,0.36222520494699645,326
905947,-0.14111230107526881,213
905948,0.31070965591397853,161
905949,-0.3605351103202847,259
905950,0.003511946428571429,94
905951,0.4174342332155477,156
905952,-0.9917200645161289,1213
905954,0.011368455555555544,298
905955,0.4173370037174721,652
905956,0.3942062980392157,437
905957,-0.21276959010600707,188
905958,-0.48913211827956987,4282
905959,1.0517455357142858,412
905960,0.02998468661971831,353
905961,-0.11761098214285715,186
905962,0.5626143322033899,456
905963,0.1294667653631285,198
905964,-0.7759366523297491,373
905965,-1.3593699747292418,145
905967,0.062042612903225804,498
905968,-0.3442062697841726,1781
905969,0.7661448817204302,148
905970,1.033590942084942,417
905971,-0.33541296785714286,6793
905972,0.6470170609318997,478
905973,0.5216645985663082,396
905974,-0.5394508172043011,454
905975,-0.15400882916666667,1082
905976,-0.005122249999999991,321
905977,0.7503589964157705,344
905978,0.1773757725490196,189
905979,0.7807763571428571,598
905980,1.5211193214285714,269
905981,-0.2915350111111111,151
905982,0.4051155388888889,179
905983,0.401794164874552,178
905984,-0.47390028315412186,198
905985,0.09307298333333333,234
905986,0.420256688172043,202
905989,-0.13307301071428573,2535
905990,0.5655636308243727,219
905991,-0.3281428924731183,284
906693,0.17851760714285714,182
906695,-1.0554693910614525,143
906696,-0.157182853046595,170
906746,0.38931562142857146,248
906763,-0.9046583642857142,396
906765,-0.9023160144404333,150
906790,-0.6696736523297492,756
906791,0.43098043307086614,414
906792,-0.2681218064516129,371
906793,-0.14268513265306124,430
906794,0.055964093189964155,343
906795,0.5100746535714286,302
906797,0.023548358422939068,412
906798,-0.07617195323741006,1487
906800,-1.4152199316546763,170
906801,0.05214171631205674,316
906804,-0.7941219856630825,380
906805,0.396179725,154
906807,-1.0735099157303372,407
906808,0.4484714411764706,361
906812,-0.08885789716312056,316
906813,0.04603703333333334,222
906814,-0.1410375107913669,1693
906817,1.084375682142857,306
906818,0.23590300357142857,477
906820,-0.5190639424460431,130
906821,0.40103365232974914,120
906824,-0.06631146785714286,300
906825,-0.1897107336956522,234
906826,1.17097722614841,126
906827,-0.08216359498207884,360
906828,-0.021264657142857142,154
906830,0.49401856802721084,254
906831,-0.6158049211469534,1650
906832,-0.5766325483870968,265
906833,-0.2792941151079137,157
906834,-0.8353280071684588,132
906835,1.5778399892473118,370
906836,-1.39092225,216
906837,-0.4849864336917563,164
906838,-0.4713804229390681,1433
906839,0.478762935483871,144
906841,-0.23880233333333334,548
906842,-1.5853059251968504,150
906843,-2.7671428571431215e-05,325
906844,-1.076318007142857,218
906846,-0.4638869392857143,569
906847,-0.2571480358422939,332
906848,-0.45373967025089607,430
906849,0.07368508415841585,330
906851,0.22460087676056337,223
906852,0.5655481843137254,1277
906855,-0.7506868201438849,211
906856,-1.6106741964285713,312
906861,0.1622345340501792,344
906862,-0.6876513687943262,495
906863,-0.1478124157706093,577
906864,0.12180777443609024,568
906865,-0.13904917921146953,254
906868,0.08326348571428571,158
906869,0.3337699178571429,268
906870,-0.933346017921147,175
906871,-0.36818457992565057,400
906872,0.5555186093189964,276
906875,-0.06324653405017922,332
906877,-0.4045776392857143,2704
906999,0.26747085663082437,645
907000,-0.6127701321428571,972
907042,-0.6000350609318996,248
907043,-1.0531857408759124,320
907044,-0.5352605971223021,162
907045,0.3193210863309352,233
907046,-0.17369131906614785,1383
907047,-0.3953014042553192,270
907048,-0.030266316901408453,187
907051,0.7524188673835125,3478
907053,-0.7042167803921568,202
907055,-0.6061353898916968,588
907056,0.25650312142857146,200
907057,-0.015480189285714286,281
907058,0.09143754642857142,420
907060,-0.30238100714285715,277
907061,-0.3599273129496403,423
907062,0.20618755197132618,353
907063,-0.4055954971751412,1402
907064,0.45348571326164877,141
907065,0.5082935984848485,214
907066,0.9392877623762377,256
907067,-0.2374872877697842,167
907068,0.1825186093189964,352
907069,0.39322074285714287,318
907071,0.641182164874552,346
907072,-0.48613479211469535,239
907073,-0.987888262745098,237
907169,0.03641112949640288,1064
907170,-0.8407339100719424,226
907171,-0.36087911666666667,966
907172,0.20667139411764707,311
907173,0.3333593642857143,196
907175,-0.6037262234636871,448
907176,0.13670298324022348,417
907268,-0.7838756816479401,278
907269,-1.0066199352517986,160
907270,-1.163130169117647,217
907271,0.43582601792114695,279
907272,-0.8199893201438849,4562
907273,-0.6836958934426229,156
907274,-0.36137880357142854,323
907275,-1.3454168784313725,262
907276,0.7313102714285714,487
907277,-1.243541762589928,159
907278,-0.29950194982078854,191
907279,1.209131932142857,250
907280,-0.5235924388489208,684
907281,-1.0394074208633093,338
907282,0.7514533555555556,357
907285,0.89321,197
907286,0.43030421863799284,234
907287,-0.04917860357142857,1012
907289,0.0746946328125,5337
907290,0.7559767392857143,301
907291,-0.38042580286738353,4575
907295,0.3954091827956989,347
907298,-0.36452213309352516,193
907299,-0.5112320752688172,135
907300,-1.0605821624548735,264
907311,-1.0618776785714286,200
907312,-0.45249690287769784,356
907313,0.1372622392857143,363
907314,0.3064558656126482,284
907317,-0.42456505357142854,652
907318,-0.28457967025089603,492
907319,-0.07609697142857143,637
907320,0.08240805734767026,610
907321,-0.11056894849785409,580
907322,-0.43687390322580644,491
907323,-0.690762605734767,646
907783,-1.0370102071428573,179
907786,-0.19785429444444447,384
907787,-0.8767829352517985,293
907788,-0.5550761182795699,2725
907789,-0.8246767714285714,181
907790,-0.18359880427046263,1682
907791,0.08610949803921569,196
907792,1.0076937793594305,241
907794,0.22997522857142855,3502
907795,-0.2631481396396396,235
907796,0.6283641935483871,334
907799,-1.038227264367816,248
908118,-0.7387455698324022,182
908120,0.8877260284090909,306
908121,-0.1076873886925795,917
908122,-0.39575886971830987,657
908123,-0.45977700000000005,321
908124,-0.15991677777777777,223
908125,0.41028713978494624,697
908126,-0.6686399428571428,250
908127,-0.30255637184115525,319
908128,0.6183789352941177,4295
908129,0.47828436785714284,172
908130,0.36152662007168457,820
908131,0.10928903214285715,211
908132,-0.792730748,57
908133,-0.7542548882681565,143
908134,0.009720445578231296,204
908135,-0.48263317777777776,121
908136,-0.4848862258064516,1898
908138,0.26993083208955226,292
908139,0.4480122857142857,352
908141,-1.1387109178571428,165
908142,-0.5750484623655915,349
908143,-0.039435440860215054,1153
908144,0.3926800176470588,116
908145,-0.3225562130177515,227
908146,-0.8836895611510791,964
908147,-1.2874345215827339,1027
908148,-1.2135402529411765,157
908149,0.3084008678571429,130
908150,0.1808976607142857,195
908151,-0.388616804964539,797
908152,0.15064006451612905,188
908156,-1.7999630582010582,137
908158,-1.0979203285714285,1592
908159,-1.0016320501792113,451
908440,-0.6796214464285715,147
908441,-0.1281052411764706,300
908442,-0.2882606408839779,251
908443,0.1818117642857143,245
908444,-0.12339896402877698,1546
908445,-0.27000907526881723,289
908446,-0.9792703161290323,263
908447,-0.071175809352518,282
908448,-1.038168,329
908449,2.2244781847826087,218
908450,0.9000408547486034,307
908451,-0.5279642114695341,247
908452,0.24231641666666665,320
908454,-0.3847010411764706,178
908455,0.07340663440860216,892
908457,0.4493498928571429,198
908458,0.08473610357142858,235
908459,0.4712510035842294,320
908460,1.8598406214285712,461
908461,0.22321030350194554,249
908462,0.2847483117647059,114
908463,1.3106834695340501,1140
908465,0.5588231785714286,869
908467,-0.36368908992805754,1687
908468,0.31751855865921785,647
908469,0.10913516759776537,612
908470,1.3913501357142857,272
908471,-0.2357495785714286,240
908472,0.6232406153846154,1329
908473,0.7432108571428572,287
908474,-0.3948597352941176,498
908475,0.06549177142857143,262
908476,0.065578925,418
908480,0.01087414444444444,362
908481,0.35264290555555555,276
908483,-0.5629391392857143,456
909194,-0.1328159720670391,608
909248,0.19061569892473118,490
909249,-0.8166386223021583,430
909250,0.7662210286738351,234
909251,-1.0640763240000002,329
909252,-0.9467695071942447,1363
909253,-0.602359976331361,682
909255,-0.8283170539568345,245
909256,-0.512262875,648
909257,-0.3710972261904762,2289
909260,-0.7120965971223021,1489
909262,-0.6095333369175627,294
909263,0.5898174982206406,292
909264,0.3328691971326165,216
909696,-0.5605679283154121,1413
909697,-0.17463403333333335,244
909698,-0.3061513,2443
909699,1.447022911764706,273
909701,-0.8244065,116
909702,-1.2933932781065087,399
909703,-0.9967405431654676,956
909704,-0.13026524642857143,181
909706,0.5929178315217392,297
909707,0.14555987142857144,263
909708,-0.4121860178571429,384
909709,0.2260397357142857,197
909711,0.1694064,396
909712,-0.26781019553072627,238
909713,0.12081861428571428,261
909715,-1.201051755681818,188
909716,-0.22531163799283155,260
909717,0.12574754705882352,267
909718,-0.2640010747330961,222
909719,0.12409266666666666,154
909720,0.11200213571428572,128
909721,1.2540526451612903,420
909722,-0.9789479764705882,306
909723,0.6507067294117647,203
909724,-0.005709999999999995,250
909725,0.41395243571428575,423
909726,0.04022871508379888,438
909727,0.43140545555555554,360
909728,0.37795964874551974,394
909729,0.13712619713261648,279
909731,-0.5869644388489209,185
909732,0.04253690714285715,1674
909735,-0.10462372043010754,1763
909736,0.47329907553956835,288
909737,0.32264572500000005,284
909738,1.023363917562724,321
909740,0.863109670212766,2202
909742,-0.686204865497076,363
909743,-0.5227562678571429,2030
909744,-0.4727758637992831,354
909745,0.4159593440860215,161
909746,0.8778102669039146,266
909747,1.4980998291814946,212
909748,0.4205846263345196,200
909749,0.3844008392857143,240
909750,-0.10110485294117647,530
909751,-0.3042051412639405,1982
909753,0.7199483189964158,153
909754,1.2335929392857143,4262
909755,0.5645915693950178,210
909756,0.3268908996415771,238
909757,0.3632082258064516,338
909758,0.6143691833333333,198
909759,-0.21586371071428573,448
909761,0.2712498078291815,277
909762,-1.2425459111111112,287
909769,0.7085488882352942,269
909770,0.09973380693069306,1696
909771,-0.4871122611111111,233
909773,-0.643081594982079,299
909774,0.363580440860215,306
909776,0.3588837619047619,245
909777,-0.8934104316546763,316
909778,0.10012672043010754,248
909779,0.23762663082437277,334
909781,1.9462276464285715,171
909784,0.5044139103942652,345
909785,-1.2898806039215687,906
909904,1.2156449428571428,233
909905,-0.03333684642857143,271
909907,1.3188856091549295,377
909974,0.9881943727598567,266
909975,0.8664129928571429,282
909976,-0.39135351612903224,720
909977,0.4689248172043011,259
910079,0.07016041366906475,294
910209,-1.8042932290502791,140
910399,-0.3175456777777778,430
910401,-0.6469355181159421,299
910544,-1.0134592819383261,441
910545,-0.7563797444444446,161
910546,0.2803980857142857,233
910548,0.4537186733067729,187
910549,0.15077323214285712,209
910554,0.1142603736654804,7135
910567,-0.2389292625698324,150
910568,0.4064783294117647,173
910569,-0.32723065480427044,198
910687,-0.9703906978417267,369
910688,-0.7782440683453238,228
910689,2.060470017857143,214
910691,0.10511074910394265,770
910692,0.05138417857142857,487
910694,0.7927147777777778,162
910695,0.4045126630824373,351
910697,-0.15568471666666667,288
910698,-0.18545672302158275,367
910700,0.6578074571428572,254
910701,0.5731062833333334,140
910702,2.454272222222222,191
910703,-0.21884682437275987,295
910704,-0.2936765283687943,387
910705,-1.0596274244604316,313
910706,-1.2188562580645161,205
910710,-1.258383155,253
910779,0.8356138035714286,470
910780,-0.389934025,476
910781,-0.24684937050359715,2065
910784,0.18813663440860215,123
910849,0.029540186379928314,383
910850,0.9077890071684588,291
910851,-0.4653358582677165,357
910852,0.15902748239436618,371
910853,0.06178686738351254,726
910861,-0.7938873651685393,313
910899,-0.10551875555555554,291
910900,-0.01617796785714286,819
910903,-0.5246409139784947,210
910904,0.3348815842293907,200
910905,0.5675216120996441,440
910906,-0.88375334765625,208
910907,0.7867055029239767,166
910910,0.6464106956521739,285
910911,0.33490203225806453,173
910915,0.9226325714285715,135
910916,-0.19918822222222224,362
910918,-1.0051431833333333,707
910919,-1.1772350035842294,206
910920,0.05650486021505377,309
910921,-0.15135501075268817,158
910922,-0.061430475,194
910924,-0.22230522580645162,1825
910925,-0.23162958333333333,413
910926,-0.6516450321428572,436
910927,-0.22342322614840987,679
910930,-1.0197703297491039,352
910931,-0.5287228555555555,235
910932,-0.031045703571428572,265
910933,-0.07531105376344086,369
910934,-1.089991946236559,316
910935,-1.3392164492753622,568
910936,-0.3369986200716846,162
910937,-0.5277376726190477,209
910941,-0.3014338739495799,203
910942,-0.8014325089605735,367
910943,0.604035665467626,221
910944,-1.1240351254480285,205
910947,-1.2567878561151078,151
910948,0.6598126302816901,260
910951,-1.0667928,1735
910952,-0.35528021785714287,203
911905,1.4589167428571428,249
917486,0.4543460355871886,113
924100,0.2549345214285714,1739
924102,0.4744518673835126,254
924104,0.13336734892086333,239
924105,-0.3297816415770609,100
924106,-0.45714300578034683,529
924107,-0.5907903714285714,267
924108,0.1320389074733096,268
924110,-0.09237893548387097,255
924111,-0.5440668996415771,289
924151,0.03491644802867383,333
924186,-0.1468519,275
924187,1.0079482974910394,144
924188,0.7324582055555555,320
924189,-0.11600205027932961,325
924238,-0.24486105017921145,230
924239,-0.740930381294964,252
924240,-0.20514924468085105,285
924241,0.38650726377952754,672
924244,-0.022677323741007196,248
924247,-0.4759714722222222,169
924248,-0.21097803888888889,210
924250,0.7144873193717277,330
925338,0.24307858450704226,305
925339,0.6282941777777777,259
925340,0.2622686571428572,256
925341,0.19887169534050178,567
925343,0.7623468705882354,318
925345,-0.35172970609318993,306
925346,0.24309701169590645,152
925347,0.9740066523297491,270
925348,1.1928985285714286,150
930082,-0.13822980575539567,2120
930083,2.0774953464285715,144
930297,0.44258982437275984,313
930298,0.49215269999999994,364
930299,1.2207246331360946,294
930301,0.2811442777777778,197
946353,0.1428456392857143,474
946354,-0.6142694888888889,376
946355,0.09393555197132616,411
946356,0.4131813058823529,297
946357,-0.7194271194029851,333
946358,-0.737122011976048,559
946359,0.9181661766784452,770
946360,0.4797473225806452,139
946361,-0.026116720430107526,324
946363,-0.6377985666666667,305
946366,0.0680562888888889,173
946367,0.22865319444444446,198
946368,0.2410815017921147,140
946369,-0.22266914444444447,153
946370,0.45885450714285714,164
946372,-0.4219054245810056,132
946373,0.4870926222222222,165
946377,-0.3013020726256983,119
946382,-0.0652001338028169,320
949088,-0.700311597826087,441
949090,0.1719194674556213,157
949093,2.148734251533742,367
949094,0.1762209891696751,142
949153,-0.9935505663082437,284
949154,-0.009054311111111114,538
949155,-0.8509818028673836,227
949156,0.23207652346570395,178
949157,0.4386394357142857,168
949158,-0.8301827202380953,187
949160,-0.6298951935483871,290
949161,-0.3345575842293907,171
949162,-0.8349030726256984,162
949163,-0.629436605734767,162
949164,-0.07893575268817203,169
949165,0.015056806451612902,162
949166,0.24156649609375,202
949167,-0.41703730714285714,122
949168,0.259926082437276,165
949170,-0.03414180555555555,254
949171,-0.39409205,206
949172,-0.2416377106918239,242
949173,-0.46207265168539324,170
949174,0.267787975,241
949175,-0.7081267640449438,432
949176,0.10952594444444444,329
949177,-0.5424469850187266,495
949178,-0.7958688525179857,326
949179,-0.05652855194805196,408
971773,-0.7990407096774194,219
971774,-0.05213175,233
971777,-0.4139687722222222,334
998184,-0.8613375342960289,4178
998189,0.34268892170818505,1996
1240121,-0.2636881142857143,205
1240122,0.48384048214285713,173
1240123,-0.3427566797153025,2689
1240125,-0.12250672067039105,546
1240127,0.42605173571428573,5100
1240128,-0.008681787769784172,456
1240129,0.7612862049689442,287
1240130,-0.7462195787401574,485
1240131,1.1542921899641578,139
1240132,0.8437759714285714,145
1240134,0.3937780535714286,148
1240135,0.3559191294117647,149
1240136,0.35053283529411766,117
1240137,0.037070854901960784,144
1240138,0.6445265551181102,133
1240139,-0.03958871111111111,181
1240140,0.06862411469534051,148
1240141,1.027896679856115,1875
1240142,-0.3306190857142857,739
1240143,0.25251306137184115,732
1240144,0.4833738117647059,494
1240145,-0.22623505204460964,340
1240146,0.4855562625899281,189
1240147,-0.6840849568627451,213
1240149,-0.547636111764706,159
1240150,-0.11887234636871509,126
1240151,0.35136997849462365,337
1240153,-0.15730552329749103,337
1240154,-0.44665199285714285,431
1240155,-0.08128331899641576,1439
1240157,0.09892553928571429,340
1240158,0.18150440860215053,306
1240159,0.711729035842294,307
1240160,0.6600323499999999,611
1240161,-0.6537944444444445,209
1240162,0.4953349068100359,189
1240166,-0.6764749607142857,472
1240167,-0.3160758100358423,535
1240168,0.0636920430107527,485
1240169,0.6007811899641577,277
1240170,-0.041764757575757566,398
1240172,0.7067332112676057,285
1240173,-0.2810853148148148,685
1240174,0.03785713978494624,4150
1240178,0.77339095,122
1240179,-0.009935523297491042,131
1240181,-0.5665651343283583,330
1240182,1.1762350333333333,368
1240183,0.7071889075630252,203
1240184,0.47747908960573476,380
1240185,0.07799201792114695,424
1240186,0.6571625949820789,414
1240187,0.2179376642857143,551
1240189,-0.720680447761194,383
1240190,0.19414375627240144,231
1240191,-0.2788053555555556,269
1240192,0.2139262342007435,257
1240193,-0.8539872173913043,291
1240196,0.6049091505376344,334
1240197,0.9039894928571428,185
1240198,0.3677253870967742,347
1240199,2.1805117294117644,292
1240200,0.5905979318996416,414
1240201,0.0534298064516129,179
1240202,0.5087314411764706,341
1240204,-0.77121635,206
1240206,-0.3393464666666667,229
1240207,0.10917913888888889,285
1240209,-0.0479108853046595,258
1240210,-0.7477461756272401,157
1240212,0.26135819354838713,342
1240215,0.39818391785714286,353
1240217,-0.2935992616487455,271
1240218,1.1283991684587815,161
1240219,0.9077156308243727,325
1240220,0.4170092166666667,380
1240221,-0.49892524820143885,217
1240222,-0.044875938848920875,1057
1240223,1.2767799354838711,254
1240224,1.0669483833333333,182
1240226,0.6175897956989248,272
1247871,-0.8455668043478262,180
1247873,0.7408114274509804,158
1287706,0.2919700777777778,441
1290455,-0.9264710858208955,163
1290722,0.1387888817204301,437
1290724,0.11051155,212
1290725,-0.1879750166666667,134
1290730,-0.11759502150537633,169
1290765,0.22474417921146952,249
1290767,-0.0076919833333333396,145
1290768,0.5240936703910615,124
1290769,0.7303623,171
1290795,0.1436278347107438,199
1290797,-0.04506969784172662,179
1290798,0.5036743736654804,144
1290806,0.17106186470588236,356
1290807,0.5886768678571428,97
1290808,0.6736993369175628,167
1290809,0.5364819641577061,161
1290810,0.7822223464285715,140
1290812,1.6162642401433691,144
1290813,-0.3557646428571428,114
1290814,0.49069225000000005,117
1290905,1.2247467632508835,306
1290906,0.2626185,360
1290908,0.03617170714285715,264
1290922,0.014592519434628975,300
1295740,-0.8788326043165468,206
1295741,-1.267202279245283,489
1297438,-0.36066157541899446,240
1297439,0.27130943434343435,343
1297446,-0.7724233142857143,2031
1297447,-0.2200610430107527,481
1297449,-1.1298355375494071,1071
1298134,-0.041815899641577066,254
1298136,0.8233755125448029,231
1298141,1.039312187134503,192
1298144,-0.06542906666666666,463
1298145,0.026879927777777778,115
1298146,0.42353354480286737,378
1298151,0.24356144444444444,352
1298156,-0.3479164831460674,348
1298157,0.3165270459363958,189
1298160,0.030393977777777772,618
1298167,-0.47251202222222227,752
1298168,0.4924023647058824,319
1298169,0.2656680179211469,239
1298215,-0.5574544555555556,369
1298216,0.43182270250896054,207
1298218,0.899361211469534,310
1298219,0.49954610357142853,260
1298222,0.14172959139784946,370
1298223,0.4435142007168459,458
1298226,0.19907532974910394,156
1298347,0.2703737014388489,863
1298348,0.7658822122302158,769
1298349,0.10844018343195266,469
1298350,0.14397924731182796,219
1298351,-0.38172775555555555,1567
1298352,1.596231031372549,686
1298353,0.6326399222222222,1310
1298356,1.530995530726257,196
1298357,1.1601731792114696,366
1298358,0.4610153214285715,308
1298359,0.06889552688172043,222
1298362,-0.13685580555555557,348
1298365,0.36897729390681006,369
1298475,0.5454823870967742,132
1298476,1.9165099005847952,202
1298526,1.0705633978494624,286
1298529,0.5644214352941177,273
1298531,-0.25290576377952756,217
1298533,0.19944689247311828,164
1298534,0.8549056023622047,359
1298537,0.06517121146953406,360
1298538,0.12039102877697841,298
1298539,0.879870064516129,275
1299050,0.23770572043010751,305
1299052,0.37096994982078857,237
1299059,0.2900249424460432,372
1299061,-0.4735070842696629,194
1299062,1.0755970107142858,869
1299064,-0.2449457117647059,393
1299069,-0.0951638388888889,343
1299070,-0.27206230824372757,92
1299075,0.2777875285714286,141
1299078,0.12928490681003585,215
1299080,0.03981214170040486,283
1299081,-0.14735053046594984,509
1303896,-0.980210283154122,193
1303897,0.30502056474820144,137
1303900,0.25441309523809524,200
1303901,-0.15035025555555556,326
1303911,0.25728483333333335,226
1303912,0.22087416487455197,171
1322212,-0.12987269587628866,315
1322213,-0.17003694382022472,491
1322218,-0.3699914516129032,161
1322224,-1.2768791124260355,334
1323913,-1.533111838888889,212
1327765,-0.9541958212290502,309
1327766,-0.563490311827957,265
1327768,-0.7843911396648044,160
1327769,-0.8651841119133574,671
1327771,-1.206762092105263,199
1327773,-0.6983363835125448,306
1327774,-0.35641310791366904,199
1327775,-0.47833505395683457,170
1330931,-0.8363307589928058,1918
1330933,-1.010964620938628,289
1330935,-0.7611650107526882,483
1330941,0.24729378515625,263
1330942,0.06866143010752687,293
1330947,-1.760382571942446,295
1330948,-1.0791191955307262,288
1330950,-0.834915541218638,407
1330960,-0.8213203072625698,315
1330964,-0.06914820118343194,157
1330972,-0.4106458776978417,401
1330973,1.201825211764706,488
1330975,0.5419568994413407,241
1330981,-0.9446644944444446,193
1330982,-1.2138686123595506,261
1330983,-0.7192068766519824,302
1330984,-0.9899336741573034,161
1330985,-1.0324887805755396,305
1330987,-1.324257017921147,231
1330991,-0.7176722944444445,329
1330993,-0.18291382078853047,135
1330994,-1.3297632833333333,996
1330995,-0.14835633067729084,565
1331025,0.020795355555555554,184
1331032,-0.5056413964285714,454
1331033,-1.1357580931899642,172
1331034,-1.4118862666666667,200
1331035,-0.9339389719101124,215
1331036,-1.5886715036231884,301
1331037,-1.303981410909091,313
1331038,-0.5985177906137183,351
1331039,-0.2719578781362007,1429
1331040,-1.2938634584837545,176
1331045,-0.36607681362007166,361
1331048,-0.7659105107142856,221
1331049,-0.7667857400722022,333
1331050,-1.2396743511904762,209
1331055,0.5982269055555556,668
1479987,-0.4261261510791367,188
1479988,0.2835393440860215,214
1479995,0.019256849162011175,283
1480358,0.41429225,313
1480359,-0.6496732388888888,383
1480360,-0.18742922222222222,159
1480361,-0.07943137777777778,128
1480362,0.6576302222222222,136
1480364,0.5956283643724696,269
1480367,0.007414977777777779,186
1480371,0.0948415568627451,1433
1480372,0.7664069607142857,233
1480374,-0.037224183333333334,164
1503361,-0.16302009285714286,225
1503362,-0.15096737634408602,139
1503363,0.06147449820788531,180
1503364,-0.16018893548387095,313
1503365,1.1792370967741936,219
1503366,0.3536303333333333,224
1503367,0.08884702508960574,256
1503368,0.4475016714285714,378
1503369,-0.07510867597765364,487
1503370,-0.1405722795698925,180
1503371,-0.13299866666666668,958
1503373,0.8226336145251397,102
1509073,-0.03468361568627452,353
1509074,0.17602965555555555,346
1524414,-0.1594593,409
1524415,-0.7204405166666666,201
1524416,0.14999140143369177,173
1524417,-0.3934979333333333,180
1524418,0.4442498833333333,144
1524419,0.11364404444444444,169
1659817,-0.6842834777777778,538
1659818,-0.9565777039711191,290
1659819,-1.5892883785310734,170
1659928,-0.47895477142857146,4840
1659929,0.26356008333333336,327
1660034,0.0542980110701107,2236
1660035,0.71445713671875,315
1660036,0.27752975,7096
1674021,0.13462293214285714,2585
1789883,-0.1327950607142857,201
